%YAML:1.0
calibration_time: "dom 27 feb 2011 17:16:27 CET"
nframes: 5
image_width: 1280
image_height: 720
board_width: 9
board_height: 6
square_size: 0.25
flags: 0
camera_matrix: !!opencv-matrix
   rows: 3
   cols: 3
   dt: d
   data: [ 9.7387916393464036e+02, 0., 6.3950000000000000e+02, 0.,
       9.7387916393464036e+02, 3.5950000000000000e+02, 0., 0., 1. ]
distortion_coefficients: !!opencv-matrix
   rows: 5
   cols: 1
   dt: d
   data: [ -5.7015138708650115e-01, 3.0979711843435771e+00, 0., 0.,
       -6.4995325493221374e+00 ]
avg_reprojection_error: 1.1073535501694005e+00
per_view_reprojection_errors: !!opencv-matrix
   rows: 5
   cols: 1
   dt: d
   data: [ 1.19423449e+00, 1.32904017e+00, 9.76608813e-01,
       1.15578747e+00, 8.05609286e-01 ]
# a set of 6-tuples (rotation vector + translation vector) for each view
extrinsic_parameters: !!opencv-matrix
   rows: 5
   cols: 6
   dt: d
   data: [ -2.3315659988120768e-01, 1.0578850690201963e-01,
       6.7293527898839413e-03, -8.2789701139473635e+01,
       -1.0352698820627019e+02, 4.8343949281381839e+02,
       -2.8121985471754352e-01, 1.1885511475618089e-01,
       8.2213744734323888e-03, -8.9971340705281946e+01,
       -1.0636341960977532e+02, 4.9817789738957765e+02,
       -2.4379032132630199e-01, 1.1435863386983658e-01,
       1.9766120975183779e-02, -8.4615111640598258e+01,
       -1.4240497805539925e+02, 5.0925532845001925e+02,
       -2.5258959831041083e-01, 7.5319773143504229e-03,
       4.4591215449289928e-02, 8.9286787114727684e+00,
       -1.2560383488903106e+02, 4.8957232832209962e+02,
       -3.9905633134532426e-01, 7.6154962260384956e-02,
       3.0818308576540387e-02, -9.2643982009818373e+01,
       -1.1202048869641287e+02, 4.9816373154350754e+02 ]
