%YAML:1.0
calibration_Time: "Mon Jul  7 13:49:16 2014"
nrOfFrames: 5
image_Width: 1280
image_Height: 720
board_Width: 9
board_Height: 6
square_Size: 25.
FixAspectRatio: 1.
flagValue: 14
Camera_Matrix: !!opencv-matrix
   rows: 3
   cols: 3
   dt: d
   data: [ 9.7387916393464036e+02, 0., 6.3950000000000000e+02, 0.,
       9.7387916393464036e+02, 3.5950000000000000e+02, 0., 0., 1. ]
Distortion_Coefficients: !!opencv-matrix
   rows: 5
   cols: 1
   dt: d
   data: [ -5.7015138708650115e-01, 3.0979711843435771e+00, 0., 0.,
       -6.4995325493221374e+00 ]
Avg_Reprojection_Error: 1.1073535501694005e+00
Per_View_Reprojection_Errors: !!opencv-matrix
   rows: 5
   cols: 1
   dt: f
   data: [ 1.19423449e+00, 1.32904017e+00, 9.76608813e-01,
       1.15578747e+00, 8.05609286e-01 ]
Extrinsic_Parameters: !!opencv-matrix
   rows: 5
   cols: 6
   dt: d
   data: [ -2.3315659988120768e-01, 1.0578850690201963e-01,
       6.7293527898839413e-03, -8.2789701139473635e+01,
       -1.0352698820627019e+02, 4.8343949281381839e+02,
       -2.8121985471754352e-01, 1.1885511475618089e-01,
       8.2213744734323888e-03, -8.9971340705281946e+01,
       -1.0636341960977532e+02, 4.9817789738957765e+02,
       -2.4379032132630199e-01, 1.1435863386983658e-01,
       1.9766120975183779e-02, -8.4615111640598258e+01,
       -1.4240497805539925e+02, 5.0925532845001925e+02,
       -2.5258959831041083e-01, 7.5319773143504229e-03,
       4.4591215449289928e-02, 8.9286787114727684e+00,
       -1.2560383488903106e+02, 4.8957232832209962e+02,
       -3.9905633134532426e-01, 7.6154962260384956e-02,
       3.0818308576540387e-02, -9.2643982009818373e+01,
       -1.1202048869641287e+02, 4.9816373154350754e+02 ]
Image_points: !!opencv-matrix
   rows: 5
   cols: 54
   dt: "2f"
   data: [ 4.77513245e+02, 1.59401733e+02, 5.24536499e+02,
       1.55713959e+02, 5.73140503e+02, 1.53364456e+02, 6.22802429e+02,
       1.51869064e+02, 6.72837585e+02, 1.51000977e+02, 7.23132812e+02,
       1.49477249e+02, 7.74121826e+02, 1.48420746e+02, 8.24952026e+02,
       1.48223206e+02, 8.75720642e+02, 1.48391968e+02, 4.73307739e+02,
       2.02905685e+02, 5.21715698e+02, 2.00146622e+02, 5.71060364e+02,
       1.98411057e+02, 6.21595154e+02, 1.96990601e+02, 6.72403076e+02,
       1.95797440e+02, 7.23686096e+02, 1.94403030e+02, 7.75578430e+02,
       1.93435913e+02, 8.27447510e+02, 1.92510864e+02, 8.79523010e+02,
       1.91896378e+02, 4.69504089e+02, 2.48512573e+02, 5.18710266e+02,
       2.46568939e+02, 5.68966919e+02, 2.45148987e+02, 6.20380310e+02,
       2.43801163e+02, 6.72099548e+02, 2.42576233e+02, 7.24328308e+02,
       2.41794556e+02, 7.77250916e+02, 2.41160187e+02, 8.29662537e+02,
       2.40460342e+02, 8.82314575e+02, 2.40247162e+02, 4.65597351e+02,
       2.96018494e+02, 5.15886719e+02, 2.94891876e+02, 5.67097595e+02,
       2.93988647e+02, 6.19375977e+02, 2.93267456e+02, 6.71989075e+02,
       2.92542725e+02, 7.25081665e+02, 2.92261017e+02, 7.78314819e+02,
       2.92114044e+02, 8.31186401e+02, 2.92236908e+02, 8.83442505e+02,
       2.92517700e+02, 4.62220673e+02, 3.45564636e+02, 5.13488586e+02,
       3.45348785e+02, 5.65481812e+02, 3.45053497e+02, 6.18635925e+02,
       3.44772858e+02, 6.71986206e+02, 3.44581024e+02, 7.25451294e+02,
       3.44606506e+02, 7.79101257e+02, 3.44767670e+02, 8.32161438e+02,
       3.44976440e+02, 8.84608154e+02, 3.45378113e+02, 4.60048492e+02,
       3.97609009e+02, 5.12010193e+02, 3.97685944e+02, 5.64485046e+02,
       3.97795959e+02, 6.18312439e+02, 3.97911682e+02, 6.71988525e+02,
       3.98040405e+02, 7.25675903e+02, 3.98180817e+02, 7.79697693e+02,
       3.98115784e+02, 8.32962891e+02, 3.98418610e+02, 8.85701660e+02,
       3.98431732e+02, 4.68756348e+02, 1.60651764e+02, 5.14066345e+02,
       1.56470779e+02, 5.60901184e+02, 1.53697632e+02, 6.08980896e+02,
       1.51814087e+02, 6.57596558e+02, 1.50573654e+02, 7.06544250e+02,
       1.48720749e+02, 7.56279907e+02, 1.47454666e+02, 8.05933411e+02,
       1.46765823e+02, 8.55654541e+02, 1.46685822e+02, 4.63971466e+02,
       2.01728088e+02, 5.10489136e+02, 1.98542496e+02, 5.58161926e+02,
       1.96578156e+02, 6.07267639e+02, 1.94657028e+02, 6.56720947e+02,
       1.93111160e+02, 7.06583313e+02, 1.91390182e+02, 7.57266174e+02,
       1.90031357e+02, 8.07940796e+02, 1.88688141e+02, 8.58840210e+02,
       1.87809158e+02, 4.59354218e+02, 2.45206879e+02, 5.06833099e+02,
       2.42658997e+02, 5.55549927e+02, 2.40823059e+02, 6.05443848e+02,
       2.39097687e+02, 6.55759766e+02, 2.37763870e+02, 7.06726196e+02,
       2.36652603e+02, 7.58347473e+02, 2.35572403e+02, 8.09859802e+02,
       2.34606674e+02, 8.61477844e+02, 2.34175507e+02, 4.54567749e+02,
       2.90285278e+02, 5.03383850e+02, 2.88688202e+02, 5.52897827e+02,
       2.87566711e+02, 6.03825867e+02, 2.86458313e+02, 6.55047607e+02,
       2.85548279e+02, 7.06946411e+02, 2.84851501e+02, 7.59195190e+02,
       2.84503174e+02, 8.11153687e+02, 2.84403351e+02, 8.62637024e+02,
       2.84737976e+02, 4.50439056e+02, 3.37431213e+02, 5.00325684e+02,
       3.36947998e+02, 5.50857483e+02, 3.36321594e+02, 6.02618591e+02,
       3.35864166e+02, 6.54709290e+02, 3.35584686e+02, 7.07095032e+02,
       3.35599487e+02, 7.59857483e+02, 3.35471863e+02, 8.12131714e+02,
       3.35676544e+02, 8.63891968e+02, 3.35906738e+02, 4.47503082e+02,
       3.87411743e+02, 4.98126984e+02, 3.87364990e+02, 5.49404968e+02,
       3.87265839e+02, 6.01805054e+02, 3.87271301e+02, 6.54408386e+02,
       3.87255127e+02, 7.07296692e+02, 3.87446259e+02, 7.60423584e+02,
       3.87397949e+02, 8.12926880e+02, 3.87717316e+02, 8.65141907e+02,
       3.87861908e+02, 4.83844421e+02, 9.94378586e+01, 5.27875427e+02,
       9.56171417e+01, 5.73313843e+02, 9.33356400e+01, 6.19970886e+02,
       9.16829224e+01, 6.66908813e+02, 9.05948715e+01, 7.14514343e+02,
       8.91851578e+01, 7.62916138e+02, 8.83097229e+01, 8.11048889e+02,
       8.76844254e+01, 8.59379578e+02, 8.82638474e+01, 4.79060791e+02,
       1.38417557e+02, 5.24370178e+02, 1.35930740e+02, 5.70721924e+02,
       1.34555511e+02, 6.18118958e+02, 1.33472641e+02, 6.65795105e+02,
       1.32291412e+02, 7.14107117e+02, 1.31259216e+02, 7.63306641e+02,
       1.30240158e+02, 8.12306335e+02, 1.29565384e+02, 8.61852661e+02,
       1.29123993e+02, 4.74431793e+02, 1.79814453e+02, 5.20804688e+02,
       1.78385803e+02, 5.67914734e+02, 1.77402130e+02, 6.16125000e+02,
       1.76279099e+02, 6.64767395e+02, 1.75439636e+02, 7.13790161e+02,
       1.74745285e+02, 7.63720520e+02, 1.74227249e+02, 8.13598999e+02,
       1.73771942e+02, 8.63600830e+02, 1.73684296e+02, 4.69970825e+02,
       2.23409653e+02, 5.17355103e+02, 2.22477463e+02, 5.65347900e+02,
       2.21889145e+02, 6.14484497e+02, 2.21312393e+02, 6.63721680e+02,
       2.20750885e+02, 7.13837891e+02, 2.20579391e+02, 7.64198181e+02,
       2.20593842e+02, 8.14734680e+02, 2.20867096e+02, 8.65158447e+02,
       2.21292450e+02, 4.65857178e+02, 2.68502594e+02, 5.14088379e+02,
       2.68358093e+02, 5.62917847e+02, 2.68276306e+02, 6.12657837e+02,
       2.68000580e+02, 6.62943115e+02, 2.68166168e+02, 7.13506348e+02,
       2.68434326e+02, 7.64745422e+02, 2.68679626e+02, 8.15841064e+02,
       2.69390991e+02, 8.66658081e+02, 2.69804230e+02, 4.62460571e+02,
       3.16132812e+02, 5.11209656e+02, 3.16289093e+02, 5.60599243e+02,
       3.16482941e+02, 6.11270325e+02, 3.16629974e+02, 6.62181213e+02,
       3.17288879e+02, 7.13419495e+02, 3.17625549e+02, 7.65178650e+02,
       3.18219482e+02, 8.16635925e+02, 3.18709625e+02, 8.68149597e+02,
       3.19479675e+02, 6.55991272e+02, 1.19119568e+02, 7.04084900e+02,
       1.19200966e+02, 7.52126587e+02, 1.20997498e+02, 8.00391907e+02,
       1.23349800e+02, 8.48128235e+02, 1.26074860e+02, 8.95876953e+02,
       1.28342667e+02, 9.43644104e+02, 1.31060883e+02, 9.90531067e+02,
       1.34272446e+02, 1.03647498e+03, 1.37944794e+02, 6.54516724e+02,
       1.59817841e+02, 7.03518066e+02, 1.61556961e+02, 7.52442322e+02,
       1.63757080e+02, 8.01343750e+02, 1.66346558e+02, 8.49842102e+02,
