<?xml version="1.0"?>
<opencv_storage>
<calibration_Time>"Thu May 16 22:39:58 2013"</calibration_Time>
<nrOfFrames>25</nrOfFrames>
<image_Width>1280</image_Width>
<image_Height>720</image_Height>
<board_Width>7</board_Width>
<board_Height>5</board_Height>
<square_Size>30.</square_Size>
<FixAspectRatio>1.</FixAspectRatio>
<!-- flags:  +fix_aspectRatio +fix_principal_point +zero_tangent_dist -->
<flagValue>14</flagValue>
<Camera_Matrix type_id="opencv-matrix">
  <rows>3</rows>
  <cols>3</cols>
  <dt>d</dt>
  <data>
    9.9299908533073460e+02 0. 6.3950000000000000e+02 0.
    9.9299908533073460e+02 3.5950000000000000e+02 0. 0. 1.</data></Camera_Matrix>
<Distortion_Coefficients type_id="opencv-matrix">
  <rows>5</rows>
  <cols>1</cols>
  <dt>d</dt>
  <data>
    -1.6477241510229212e-01 5.4465548127500041e-01 0. 0.
    -5.7848642479453460e-01</data></Distortion_Coefficients>
<Avg_Reprojection_Error>5.5560349046379509e-01</Avg_Reprojection_Error>
<Per_View_Reprojection_Errors type_id="opencv-matrix">
  <rows>25</rows>
  <cols>1</cols>
  <dt>f</dt>
  <data>
    4.38348681e-01 3.91505033e-01 6.09296083e-01 5.42581558e-01
    4.99902725e-01 5.61679840e-01 4.20970947e-01 4.19267446e-01
    3.85799617e-01 2.95671314e-01 4.18214977e-01 5.24222493e-01
    5.67985594e-01 7.97257841e-01 6.65783703e-01 4.41913038e-01
    8.54151309e-01 6.03454173e-01 5.79691052e-01 4.75165963e-01
    2.84787744e-01 3.85556936e-01 6.19851053e-01 8.71920228e-01
    6.89490497e-01</data></Per_View_Reprojection_Errors>
<!-- a set of 6-tuples (rotation vector + translation vector) for each view -->
<Extrinsic_Parameters type_id="opencv-matrix">
  <rows>25</rows>
  <cols>6</cols>
  <dt>d</dt>
  <data>
    -4.8019375931289821e-01 -2.1637406749475955e-02
    -4.3970389441954270e-02 -1.1935541382166546e+02
    -7.1086749077640636e+00 4.4174056171626586e+02
    -1.3841759964728459e-01 -8.0301905709109694e-02
    -5.3275729990260805e-02 -1.8293861552395828e+02
    -5.8912920751860156e+01 4.1554395089814318e+02
    -2.2516146503371112e-01 3.1665756415526880e-01
    -3.9867689473879003e-02 -1.7827583628038803e+02
    -5.7176926996656356e+01 5.0363464870747111e+02
    -2.7779909697074140e-01 5.0898937703914859e-01
    -4.2073304763218149e-03 -1.6456558325568673e+02
    -5.3508493528761207e+01 6.0522377954992157e+02
    -5.7802520968388515e-01 3.2085403606149093e-01
    3.5605879559861726e-02 -1.7381213540171598e+02
    -3.9346677054686943e+01 6.0674584374915503e+02
    -1.9649145786078789e-01 -1.5077921940017942e+00
    -2.6727134106356707e+00 -1.9900869277675692e+01
    4.2887465933717095e+01 4.6218436613796752e+02
    -5.8510391303945719e-01 -2.1432553876959661e-02
    2.3659787143797135e-02 -1.8821185686436843e+02
    -4.9012421806677096e+01 5.3860583382160212e+02
    3.4147648989134588e-01 5.1447923289668823e-02 2.0971314008902023e-02
    -1.9098630877197516e+02 -7.8513322292577357e+01
    4.7521466577917988e+02 2.7112205318383242e-01 2.5965873720255415e-03
    3.4281078769674782e-02 -1.9155574115976120e+02
    -8.3917347278826483e+01 4.6934758053500695e+02
    -1.6779650897920184e-01 -4.0359772627578910e-01
    -2.2076372531662216e-03 -1.9476949770615320e+02
    -5.7890724005434130e+01 4.3734010895457357e+02
    -2.2820861520228222e-01 -5.4991646240247105e-01
    1.1723170542660541e-02 -1.5850781203645926e+02
    -5.8458036456285285e+01 4.1399759160539776e+02
    -2.2258735747343256e-01 -6.3820322434259802e-01
    4.6119887416804527e-02 -1.0957657800593618e+02
    -6.8429508226379482e+01 4.0233433118823501e+02
    -3.1656736256052259e-01 -3.9106235587365645e-01
    -8.1143136201953167e-03 -1.1648016979915481e+02
    -4.9955087389440351e+01 4.1734959551010405e+02
    -5.1404872021684167e-01 -5.0894205285693460e-02
    -1.8868628785268262e-02 -1.5170452666198659e+02
    -4.7943585720866444e+01 4.8293003962795734e+02
    -9.9992031961321604e-01 -1.6878945846271406e-02
    2.9430312527661436e-02 -1.4244897543860793e+02
    -2.6432534601098919e+01 5.0195383198403357e+02
    3.4342676711862424e-01 2.5437918123679494e-02
    -2.5468606745189949e-02 -1.4833171418296840e+02
    -8.5811714587831773e+01 4.1034590634752698e+02
    8.2749269875473930e-01 3.6244582540556361e-02
    -2.3153711766105350e-02 -1.4347085579874368e+02
    -7.2147786951591769e+01 3.6448705414741647e+02
    -6.5057945143503687e-02 1.0371344442529871e-02
    5.5743875992096764e-02 -1.5640086897517861e+02
    -3.5840620426099328e+01 4.1283480614422825e+02
    -2.4460910495274951e-01 1.7328498122512598e-01
    6.0293498683112373e-02 -1.4970661342705614e+02
    -4.3480647820517305e+01 4.5913847096153376e+02
    -3.3228866577878519e-01 4.5817698783386757e-01
    7.9380992147192270e-02 -1.1979083161704138e+02
    -3.6787995263992180e+01 5.3945151719270962e+02
    -2.8919817106708928e-01 -3.5562426228516353e-01
    9.2680833489178660e-02 -1.8900750589004357e+02
    -6.8712813038873023e+01 4.5768453573941906e+02
    -3.0891618197390081e-01 -5.2277879864013388e-01
    1.1867468479041014e-01 -1.8518405662314237e+02
    -6.6931852782132140e+01 4.1967198562254532e+02
    -8.9887667184280851e-01 -4.9427853402487243e-01
    9.1644521502800738e-02 -2.1274603366730824e+02
    -2.3190834915262933e+01 4.3298873069706866e+02
    5.6347417707183789e-01 -3.9932260010946147e-01
    8.6763822087849496e-02 -2.2541225731377565e+02
    -8.0912921962003253e+01 3.7434008665446646e+02
    5.9469021572506497e-01 -4.4639830974370154e-01
    1.6684097737026810e-01 -1.7888326592585713e+02
    -8.5165906558183650e+01 3.6107142384897071e+02</data></Extrinsic_Parameters>
